,station,linename,entries,exits,total
0,1 AV,L,504631.0,555406.0,1060037.0
1,103 ST,1,293324.0,150784.0,444108.0
2,103 ST,6,296125.0,274602.0,570727.0
3,103 ST,BC,119411.0,73867.0,193278.0
4,103 ST-CORONA,7,465033.0,340062.0,805095.0
5,104 ST,A,42324.0,14746.0,57070.0
6,104 ST,JZ,29396.0,4558.0,33954.0
7,110 ST,6,245731.0,210946.0,456677.0
8,111 ST,7,269149.0,168720.0,437869.0
9,111 ST,A,60036.0,20223.0,80259.0
10,111 ST,J,64460.0,37555.0,102015.0
11,116 ST,23,254683.0,118150.0,372833.0
12,116 ST,6,339401.0,200685.0,540086.0
13,116 ST,BC,164766.0,107133.0,271899.0
14,116 ST-COLUMBIA,1,359230.0,189269.0,548499.0
15,121 ST,JZ,27443.0,11359.0,38802.0
16,125 ST,1,191088.0,196114.0,387202.0
17,125 ST,23,347414.0,140692.0,488106.0
18,125 ST,456,667268.0,605235.0,1272503.0
19,125 ST,ACBD,674369.0,579269.0,1253638.0
20,135 ST,23,336048.0,92042.0,428090.0
21,135 ST,BC,120791.0,94216.0,215007.0
22,137 ST CITY COL,1,319906.0,278998.0,598904.0
23,138/GRAND CONC,45,73305.0,66280.0,139585.0
24,14 ST,123FLM,554563.0,324695.0,879258.0
25,14 ST,ACEL,494263.0,413649.0,907912.0
26,14 ST,FLM123,486461.0,557561.0,1044022.0
27,14 ST-UNION SQ,456LNQRW,740287.0,656391.0,1396678.0
28,14 ST-UNION SQ,LNQR456W,1733708.0,1510138.0,3243846.0
29,145 ST,1,247505.0,195887.0,443392.0
30,145 ST,ABCD,567352.0,552189.0,1119541.0
31,149/GRAND CONC,245,287899.0,207931.0,495830.0
32,14TH STREET,1,190917.0,207883.0,398800.0
33,15 ST-PROSPECT,FG,137535.0,82258.0,219793.0
34,155 ST,BD,81979.0,45131.0,127110.0
35,155 ST,C,79997.0,64550.0,144547.0
36,157 ST,1,281975.0,192269.0,474244.0
37,161/YANKEE STAD,4BD,289644.0,156972.0,446616.0
38,161/YANKEE STAD,BD4,462387.0,286268.0,748655.0
39,167 ST,4,281990.0,278911.0,560901.0
40,167 ST,BD,7164.0,8823.0,15987.0
41,168 ST,1AC,291603.0,308387.0,599990.0
42,168 ST,AC1,320010.0,110264.0,430274.0
43,169 ST,F,189575.0,157791.0,347366.0
44,170 ST,4,204336.0,159808.0,364144.0
45,170 ST,BD,216490.0,112623.0,329113.0
46,174 ST,25,130935.0,133867.0,264802.0
47,175 ST,A,281831.0,164692.0,446523.0
48,176 ST,4,146028.0,74015.0,220043.0
49,18 AV,D,145645.0,40533.0,186178.0
